x0 = [21630,21900,22170,22440,22710,22980,23250,23520,23790,24060,24330,24600,24870,25140,25410,25680,25950,26220,26490,26760,27030,27300,27570,27840,28110,28380,28650,28920,29190,29460,29730,30000,30270,30540,30810,31080,31350,31620,31890,32160,32430,32700,32970,33240,33510,33780,34050,34320,34590,34860,35130,35400,35670,35940,36210,36480,36750,37020,37290,37560,37830,38100,38370,38640,38910,39180,39450,39720,39990,40260,40530,40800,41070,41340,41610,41880,42150,42420,42690,42960,43230,43500,43770,44040,44310,44580,44850,45120,45390,45660,45930,46200,46470,46740,47010,47280,47550,47820,48090,48360,48630,48900,49170,49440,49710,49980,50250,50520,50790,51060,51330,51600,51870,52140,52410,52680,52950,53220,53490,53760,54030,54300,54570,54840,55110,55380,55650,55920,56190,56460,56730,57000,57270,57540,57810,58080,58350,58620,58890,59160,59430,59700,59970,60240,60510,60780,61050,61320,61590,61860,62130,62400,62670,62940,63210,63480,63750,64020,64290,64560,64830,65100,65370,65640,65910,66180,66450,66720,66990,67260,67530,67800,68070,68340,68610,68880,69150,69420,69690,69960,70230,70500,70770,71040,71310,71580,71850,72120,72390,72660,72930,73200,73470,73740,74010,74280,74550,74820,75090,75360,75630,75900,76170,76440,76710,76980,77250,77520,77790,78060,78330,78600,78870,79140];
y0 = [-0.86,-71.06,-113.16,-34.61,1.3,91.27,276.54,464.04,719.99,830.63,1013.68,1166.45,1255.17,1431.12,1443.41,1500.59,1615.38,1729.72,1798.23,1933.66,2135.67,2172.38,2448.37,2462.38,2641.87,2823.7,2906.41,2964.79,3163.8,3264.88,3374.35,3490.67,3517.9,3648.42,3711.45,3730.74,3863.07,3957.46,3996.91,4138.84,4244.1,4309.88,4441.46,4654.99,4738.41,4753.86,4801.7,4803.26,4788.09,4855.02,4893.91,4881.83,5013.54,5039.48,5062.86,5071.68,5114.5,5189.31,5213.24,5234.36,5302.34,5285.55,5331.32,5338.32,5352.56,5400.22,5413.74,5438.65,5433.65,5419.74,5501.74,5607.32,5612.05,5609.37,5597.22,5648.46,5755.22,5797.97,5777.31,5900.68,6043.93,6008.49,5993.72,6004.23,6064.76,6094.39,6161.63,6210.27,6508.01,6760.72,6786.59,6797.44,6785.3,6867.4,6915.75,6961.02,7028.56,7123.09,7250.17,7241.15,7282.48,7446.71,7655.71,7735.09,7868.13,8010.92,8156.02,8388.81,8594.85,8663.64,8689.04,8950.23,9242.26,9439.3,9445.35,9565.61,9838.15,9913.77,10320.83,10478.71,10543.57,10695.95,11058.61,11121.92,11227.96,11560.9,11904.63,12099.02,12258.28,12251.55,12623.8,12870.87,13001.98,13356.48,13702.49,13861.34,14196.41,14524.63,14908.71,15310.49,15434.36,15711.75,15865.44,16432.01,16613.39,16922.88,17344.97,17492.72,17669.91,18024.97,18240.99,18487.67,18767.87,18889.65,19008.54,19254.35,19396.93,19750.78,20096.14,20275.51,20455.57,20579.62,20959.7,21104.3,21260.98,21706.22,21784.65,21976.54,22179.53,22198.01,22465.5,22508.73,22664.83,23145.39,23133.73,23539.56,23741.8,23970.59,24185.62,24234.71,24414.69,24434.07,24544.81,24660.69,24898.37,25144.46,25368.29,25617.04,26150.76,26322.85,26439.85,26457.69,26587.09,26586.01,26623.21,26648.1,26630.68,26593.99,26590.54,26604.88,26600.24,26583.45,26565.02,26602.89,26599.72,26592.01,26579.42,26573.47,26580.06,26596.32,26591.68,26587.18,26583.9,26581.07];
x1 = [21630,21900,22170,22440,22710,22980,23250,23520,23790,24060,24330,24600,24870,25140,25410,25680,25950,26220,26490,26760,27030,27300,27570,27840,28110,28380,28650,28920,29190,29460,29730,30000,30270,30540,30810,31080,31350,31620,31890,32160,32430,32700,32970,33240,33510,33780,34050,34320,34590,34860,35130,35400,35670,35940,36210,36480,36750,37020,37290,37560,37830,38100,38370,38640,38910,39180,39450,39720,39990,40260,40530,40800,41070,41340,41610,41880,42150,42420,42690,42960,43230,43500,43770,44040,44310,44580,44850,45120,45390,45660,45930,46200,46470,46740,47010,47280,47550,47820,48090,48360,48630,48900,49170,49440,49710,49980,50250,50520,50790,51060,51330,51600,51870,52140,52410,52680,52950,53220,53490,53760,54030,54300,54570,54840,55110,55380,55650,55920,56190,56460,56730,57000,57270,57540,57810,58080,58350,58620,58890,59160,59430,59700,59970,60240,60510,60780,61050,61320,61590,61860,62130,62400,62670,62940,63210,63480,63750,64020,64290,64560,64830,65100,65370,65640,65910,66180,66450,66720,66990,67260,67530,67800,68070,68340,68610,68880,69150,69420,69690,69960,70230,70500,70770,71040,71310,71580,71850,72120,72390,72660,72930,73200,73470,73740,74010,74280,74550,74820,75090,75360,75630];
y1 = [-0.86,-42.32,65.82,264.33,496.4,627.72,886.51,1093.82,1256.46,1529.62,1719.13,1875.01,2050.36,2229.66,2304.31,2360.72,2434.37,2514.29,2650.45,2865.84,3039.52,3162.48,3361.73,3528.24,3694.79,3843.13,3955.83,4196.1,4297.59,4489.87,4564.51,4636.14,4824.95,4893.58,4901.36,5107.68,5218.38,5239.08,5404.26,5555.23,5753.78,5853.74,6025.02,6240.79,6355.59,6456.79,6612.86,6655.48,6736.69,6819.8,6833.02,6970.56,6981.05,7066.87,7079.45,7127.07,7140.58,7273.1,7266.81,7301.46,7370.52,7407.66,7429.1,7481.44,7499.04,7525.23,7538.78,7549.57,7568.74,7663.83,7697.75,7738.62,7784.93,7792.78,7802.16,7830.37,7944.94,7966.31,7990.06,8101.15,8218.72,8237.54,8256.04,8273.99,8281.89,8329.35,8389.07,8685.7,8797.96,9059.43,9194.88,9256.27,9304.25,9388.4,9537.81,9609.18,9826.31,9861.15,9921.64,9900.1,10056.2,10224.66,10312.02,10543.71,10847.55,10951.48,10944.54,11201.7,11351.18,11618.17,11978.09,12352.19,12607.14,12939.01,13195.93,13230.01,13463.46,13750.33,14248.4,14497.37,14587.71,14833.29,14870.65,15009.97,15317.64,15819.84,16540.91,16922.53,17376.21,17595.38,17940.16,18248.13,18721.67,19169.62,19466.86,19957.85,20481.07,21151.72,21549.49,21756.81,22080.02,22408.52,22667.0,23305.68,24072.86,24365.94,24703.84,25103.22,25490.64,25957.95,26257.16,26819.38,27101.86,27418.16,27671.82,27967.82,28331.39,28801.42,29168.07,29776.03,30087.7,30327.47,30606.29,30803.59,31177.71,31653.56,32030.82,32458.13,32799.66,33086.56,33325.72,33706.93,34167.26,34610.97,34788.53,35347.66,35565.49,35942.8,36266.64,36541.66,36852.71,37029.79,37249.98,37634.04,37969.12,38511.31,38791.46,39115.63,39560.71,40041.47,40202.73,40437.81,40628.58,40677.5,40873.14,40923.13,40911.13,40898.48,40934.86,40988.19,40989.43];
x2 = [21630,21900,22170,22440,22710,22980,23250,23520,23790,24060,24330,24600,24870,25140,25410,25680,25950,26220,26490,26760,27030,27300,27570,27840,28110,28380,28650,28920,29190,29460,29730,30000,30270,30540,30810,31080,31350,31620,31890,32160,32430,32700,32970,33240,33510,33780,34050,34320,34590,34860,35130,35400,35670,35940,36210,36480,36750,37020,37290,37560,37830,38100,38370,38640,38910,39180,39450,39720,39990,40260,40530,40800,41070,41340,41610,41880,42150,42420,42690,42960,43230,43500,43770,44040,44310,44580,44850,45120,45390,45660,45930,46200,46470,46740,47010,47280,47550,47820,48090,48360,48630,48900,49170,49440,49710,49980,50250,50520,50790,51060,51330,51600,51870,52140,52410,52680,52950,53220,53490,53760,54030,54300,54570,54840,55110,55380,55650,55920,56190,56460,56730,57000,57270,57540,57810,58080,58350,58620,58890,59160,59430,59700,59970,60240,60510,60780,61050,61320,61590,61860,62130,62400,62670,62940,63210,63480,63750,64020,64290,64560,64830,65100,65370,65640,65910,66180,66450,66720,66990,67260,67530,67800,68070,68340,68610,68880,69150,69420,69690,69960,70230,70500,70770,71040,71310,71580,71850,72120,72390,72660,72930,73200,73470,73740,74010,74280,74550,74820,75090,75360];
