x0 = [21630,21900,22170,22440,22710,22980,23250,23520,23790,24060,24330,24600,24870,25140,25410,25680,25950,26220,26490,26760,27030,27300,27570,27840,28110,28380,28650,28920,29190,29460,29730,30000,30270,30540,30810,31080,31350,31620,31890,32160,32430,32700,32970,33240,33510,33780,34050,34320,34590,34860,35130,35400,35670,35940,36210,36480,36750,37020,37290,37560,37830,38100,38370,38640,38910,39180,39450,39720,39990,40260,40530,40800,41070,41340,41610,41880,42150,42420,42690,42960,43230,43500,43770,44040,44310,44580,44850,45120,45390,45660,45930,46200,46470,46740,47010,47280,47550,47820,48090,48360,48630,48900,49170,49440,49710,49980,50250,50520,50790,51060,51330,51600,51870,52140,52410,52680,52950,53220,53490,53760,54030,54300,54570,54840,55110,55380,55650,55920,56190,56460,56730,57000,57270,57540,57810,58080,58350,58620,58890,59160,59430,59700,59970,60240,60510,60780,61050,61320,61590,61860,62130,62400,62670,62940,63210,63480,63750,64020,64290,64560,64830,65100,65370,65640,65910,66180,66450,66720,66990,67260,67530,67800,68070,68340,68610,68880,69150,69420,69690,69960,70230,70500,70770,71040,71310,71580,71850,72120,72390,72660,72930,73200,73470,73740,74010,74280,74550,74820,75090,75360,75630,75900,76170,76440,76710,76980,77250,77520,77790,78060,78330,78600,78870,79140];
y0 = [0.86,97.92,292.43,528.76,777.25,1033.15,1293.78,1542.22,1751.49,1946.77,2139.81,2335.13,2508.53,2654.09,2793.03,2955.74,3109.22,3284.98,3475.73,3654.29,3831.69,3996.1,4142.22,4301.72,4460.89,4627.25,4795.39,4963.8,5113.04,5257.71,5389.13,5537.02,5690.85,5826.36,5979.37,6140.93,6308.42,6470.36,6675.49,6891.04,7094.92,7279.06,7467.91,7630.63,7773.11,7910.48,8035.17,8167.82,8295.3,8418.34,8537.79,8651.25,8760.33,8855.55,8944.07,9032.05,9126.57,9207.31,9268.83,9334.44,9382.97,9434.24,9481.83,9541.97,9581.23,9624.74,9678.91,9722.09,9769.17,9837.09,9914.08,9988.78,10065.66,10142.68,10213.44,10300.49,10376.61,10453.74,10538.57,10626.31,10725.5,10849.37,10966.28,11083.64,11221.91,11363.65,11499.3,11617.47,11743.72,11855.12,11964.59,12112.77,12248.81,12387.4,12535.07,12685.54,12829.85,13002.53,13182.47,13371.25,13545.61,13748.44,13959.53,14176.4,14410.65,14662.1,14925.81,15187.66,15477.16,15795.65,16125.52,16484.18,16849.34,17209.65,17569.69,17936.54,18309.63,18702.38,19085.53,19467.9,19837.13,20213.88,20609.75,21020.65,21451.67,21857.96,22262.86,22707.23,23126.88,23575.09,24037.46,24487.31,24945.04,25414.59,25874.79,26349.28,26811.9,27273.91,27731.35,28207.1,28674.78,29142.62,29637.35,30117.54,30595.16,31065.15,31534.26,31975.92,32421.28,32851.23,33269.95,33698.19,34126.55,34569.82,35008.28,35457.87,35895.38,36311.3,36707.09,37092.98,37478.91,37863.59,38243.55,38611.09,38979.51,39358.76,39738.54,40135.28,40563.2,41007.15,41447.03,41874.68,42282.31,42694.08,43101.29,43478.5,43864.36,44255.94,44668.99,45065.11,45473.74,45906.12,46379.42,46847.76,47316.94,47753.88,48179.59,48609.61,48980.4,49310.02,49579.55,49805.91,50009.95,50182.95,50320.18,50436.66,50531.61,50604.19,50661.43,50708.33,50746.1,50776.74,50800.22,50825.39,50848.38,50869.23,50881.82,50893.68,50900.81,50907.0,50911.64,50916.15,50919.43,50922.26];
x1 = [21630,21900,22170,22440,22710,22980,23250,23520,23790,24060,24330,24600,24870,25140,25410,25680,25950,26220,26490,26760,27030,27300,27570,27840,28110,28380,28650,28920,29190,29460,29730,30000,30270,30540,30810,31080,31350,31620,31890,32160,32430,32700,32970,33240,33510,33780,34050,34320,34590,34860,35130,35400,35670,35940,36210,36480,36750,37020,37290,37560,37830,38100,38370,38640,38910,39180,39450,39720,39990,40260,40530,40800,41070,41340,41610,41880,42150,42420,42690,42960,43230,43500,43770,44040,44310,44580,44850,45120,45390,45660,45930,46200,46470,46740,47010,47280,47550,47820,48090,48360,48630,48900,49170,49440,49710,49980,50250,50520,50790,51060,51330,51600,51870,52140,52410,52680,52950,53220,53490,53760,54030,54300,54570,54840,55110,55380,55650,55920,56190,56460,56730,57000,57270,57540,57810,58080,58350,58620,58890,59160,59430,59700,59970,60240,60510,60780,61050,61320,61590,61860,62130,62400,62670,62940,63210,63480,63750,64020,64290,64560,64830,65100,65370,65640,65910,66180,66450,66720,66990,67260,67530,67800,68070,68340,68610,68880,69150,69420,69690,69960,70230,70500,70770,71040,71310,71580,71850,72120,72390,72660,72930,73200,73470,73740,74010,74280,74550,74820,75090,75360,75630];
y1 = [0.86,83.51,224.75,401.15,585.64,775.97,968.31,1142.48,1319.06,1494.16,1654.12,1812.73,1937.92,2015.63,2085.64,2212.03,2359.07,2522.23,2686.19,2831.31,2984.68,3117.13,3254.77,3395.71,3527.8,3656.76,3787.3,3915.42,4031.53,4136.54,4234.52,4332.57,4430.14,4531.02,4646.3,4763.34,4882.7,5009.77,5170.31,5324.42,5476.77,5618.35,5749.03,5867.81,5970.77,6069.06,6159.82,6244.72,6313.41,6390.99,6462.83,6530.15,6602.84,6664.97,6731.4,6794.69,6861.57,6910.7,6964.27,7013.64,7058.81,7099.45,7139.5,7184.64,7219.55,7256.45,7297.45,7337.24,7381.23,7434.19,7504.35,7568.85,7635.94,7700.54,7766.78,7845.47,7921.74,7985.65,8049.75,8125.14,8207.56,8293.43,8387.27,8488.55,8607.71,8725.09,8837.85,8951.99,9062.19,9173.6,9285.26,9392.43,9504.25,9609.37,9712.65,9810.94,9917.78,10034.11,10167.38,10322.6,10469.98,10631.63,10804.82,10983.54,11183.52,11393.98,11613.63,11841.75,12084.6,12322.48,12568.61,12810.99,13053.02,13310.78,13568.81,13838.08,14108.71,14385.74,14674.28,14962.43,15268.33,15572.09,15883.17,16197.5,16520.71,16831.16,17134.07,17441.69,17743.76,18066.86,18384.29,18700.47,19010.57,19319.74,19636.09,19946.23,20259.99,20576.3,20894.15,21215.89,21540.41,21854.75,22186.67,22503.57,22824.5,23158.59,23472.57,23780.08,24071.56,24367.81,24644.63,24917.37,25205.2,25512.92,25821.38,26134.63,26442.3,26740.7,27035.65,27303.01,27573.34,27851.57,28124.01,28400.21,28671.32,28920.85,29161.93,29420.78,29686.45,29969.95,30266.33,30540.83,30808.09,31053.78,31314.62,31555.76,31811.41,32075.11,32330.85,32591.99,32873.38,33161.91,33457.94,33749.0,34029.83,34285.42,34538.26,34788.31,34992.73,35172.45,35320.17,35433.64,35524.79,35597.33,35650.5,35697.2,35727.15,35739.8,35752.29,35759.74,35764.66];
x2 = [21630,21900,22170,22440,22710,22980,23250,23520,23790,24060,24330,24600,24870,25140,25410,25680,25950,26220,26490,26760,27030,27300,27570,27840,28110,28380,28650,28920,29190,29460,29730,30000,30270,30540,30810,31080,31350,31620,31890,32160,32430,32700,32970,33240,33510,33780,34050,34320,34590,34860,35130,35400,35670,35940,36210,36480,36750,37020,37290,37560,37830,38100,38370,38640,38910,39180,39450,39720,39990,40260,40530,40800,41070,41340,41610,41880,42150,42420,42690,42960,43230,43500,43770,44040,44310,44580,44850,45120,45390,45660,45930,46200,46470,46740,47010,47280,47550,47820,48090,48360,48630,48900,49170,49440,49710,49980,50250,50520,50790,51060,51330,51600,51870,52140,52410,52680,52950,53220,53490,53760,54030,54300,54570,54840,55110,55380,55650,55920,56190,56460,56730,57000,57270,57540,57810,58080,58350,58620,58890,59160,59430,59700,59970,60240,60510,60780,61050,61320,61590,61860,62130,62400,62670,62940,63210,63480,63750,64020,64290,64560,64830,65100,65370,65640,65910,66180,66450,66720,66990,67260,67530,67800,68070,68340,68610,68880,69150,69420,69690,69960,70230,70500,70770,71040,71310,71580,71850,72120,72390,72660,72930,73200,73470,73740,74010,74280,74550,74820,75090,75360];
