x0 = [21630,21900,22170,22440,22710,22980,23250,23520,23790,24060,24330,24600,24870,25140,25410,25680,25950,26220,26490,26760,27030,27300,27570,27840,28110,28380,28650,28920,29190,29460,29730,30000,30270,30540,30810,31080,31350,31620,31890,32160,32430,32700,32970,33240,33510,33780,34050,34320,34590,34860,35130,35400,35670,35940,36210,36480,36750,37020,37290,37560,37830,38100,38370,38640,38910,39180,39450,39720,39990,40260,40530,40800,41070,41340,41610,41880,42150,42420,42690,42960,43230,43500,43770,44040,44310,44580,44850,45120,45390,45660,45930,46200,46470,46740,47010,47280,47550,47820,48090,48360,48630,48900,49170,49440,49710,49980,50250,50520,50790,51060,51330,51600,51870,52140,52410,52680,52950,53220,53490,53760,54030,54300,54570,54840,55110,55380,55650,55920,56190,56460,56730,57000,57270,57540,57810,58080,58350,58620,58890,59160,59430,59700,59970,60240,60510,60780,61050,61320,61590,61860,62130,62400,62670,62940,63210,63480,63750,64020,64290,64560,64830,65100,65370,65640,65910,66180,66450,66720,66990,67260,67530,67800,68070,68340,68610,68880,69150,69420,69690,69960,70230,70500,70770,71040,71310,71580,71850,72120,72390,72660,72930,73200,73470,73740,74010,74280,74550,74820,75090,75360,75630,75900,76170,76440,76710,76980,77250,77520,77790,78060,78330,78600,78870,79140];
y0 = [1.08,122.4,365.54,660.95,971.56,1291.43,1617.22,1927.77,2189.36,2433.47,2674.77,2918.92,3135.66,3317.62,3491.28,3694.68,3886.53,4106.23,4344.66,4567.86,4789.61,4995.12,5177.77,5377.15,5576.11,5784.06,5994.23,6204.76,6391.3,6572.14,6736.42,6921.28,7113.56,7282.96,7474.21,7676.17,7885.53,8087.95,8344.36,8613.8,8868.65,9098.83,9334.89,9538.29,9716.38,9888.1,10043.96,10209.78,10369.12,10522.92,10672.23,10814.06,10950.42,11069.43,11180.09,11290.06,11408.21,11509.14,11586.04,11668.06,11728.71,11792.81,11852.28,11927.46,11976.54,12030.93,12098.64,12152.62,12211.46,12296.37,12392.61,12485.98,12582.08,12678.35,12766.8,12875.61,12970.76,13067.18,13173.22,13282.89,13406.88,13561.71,13707.85,13854.55,14027.38,14204.56,14374.13,14521.83,14679.66,14818.9,14955.74,15140.96,15311.02,15484.25,15668.83,15856.93,16037.31,16253.16,16478.09,16714.07,16932.01,17185.55,17449.41,17720.5,18013.31,18327.62,18657.26,18984.57,19346.45,19744.56,20156.91,20605.22,21061.68,21512.06,21962.12,22420.67,22887.03,23377.98,23856.91,24334.87,24796.41,25267.35,25762.19,26275.82,26814.59,27322.45,27828.58,28384.04,28908.6,29468.87,30046.83,30609.14,31181.3,31768.23,32343.49,32936.6,33514.88,34092.39,34664.19,35258.88,35843.47,36428.28,37046.69,37646.93,38243.94,38831.44,39417.83,39969.9,40526.6,41064.04,41587.43,42122.74,42658.19,43212.27,43760.35,44322.34,44869.22,45389.13,45883.87,46366.23,46848.64,47329.49,47804.44,48263.87,48724.39,49198.45,49673.18,50169.1,50704.0,51258.94,51808.78,52343.35,52852.89,53367.6,53876.61,54348.13,54830.45,55319.93,55836.23,56331.39,56842.17,57382.65,57974.28,58559.7,59146.17,59692.36,60224.48,60762.02,61225.5,61637.53,61974.43,62257.38,62512.44,62728.69,62900.23,63045.82,63164.51,63255.24,63326.79,63385.41,63432.63,63470.93,63500.28,63531.74,63560.47,63586.53,63602.28,63617.1,63626.01,63633.75,63639.56,63645.18,63649.28,63652.82];
x1 = [21630,21900,22170,22440,22710,22980,23250,23520,23790,24060,24330,24600,24870,25140,25410,25680,25950,26220,26490,26760,27030,27300,27570,27840,28110,28380,28650,28920,29190,29460,29730,30000,30270,30540,30810,31080,31350,31620,31890,32160,32430,32700,32970,33240,33510,33780,34050,34320,34590,34860,35130,35400,35670,35940,36210,36480,36750,37020,37290,37560,37830,38100,38370,38640,38910,39180,39450,39720,39990,40260,40530,40800,41070,41340,41610,41880,42150,42420,42690,42960,43230,43500,43770,44040,44310,44580,44850,45120,45390,45660,45930,46200,46470,46740,47010,47280,47550,47820,48090,48360,48630,48900,49170,49440,49710,49980,50250,50520,50790,51060,51330,51600,51870,52140,52410,52680,52950,53220,53490,53760,54030,54300,54570,54840,55110,55380,55650,55920,56190,56460,56730,57000,57270,57540,57810,58080,58350,58620,58890,59160,59430,59700,59970,60240,60510,60780,61050,61320,61590,61860,62130,62400,62670,62940,63210,63480,63750,64020,64290,64560,64830,65100,65370,65640,65910,66180,66450,66720,66990,67260,67530,67800,68070,68340,68610,68880,69150,69420,69690,69960,70230,70500,70770,71040,71310,71580,71850,72120,72390,72660,72930,73200,73470,73740,74010,74280,74550,74820,75090,75360,75630];
y1 = [1.08,104.38,280.94,501.44,732.05,969.96,1210.39,1428.1,1648.82,1867.7,2067.64,2265.91,2422.4,2519.54,2607.05,2765.04,2948.84,3152.79,3357.74,3539.14,3730.85,3896.41,4068.46,4244.63,4409.75,4570.96,4734.12,4894.27,5039.42,5170.68,5293.16,5415.72,5537.67,5663.78,5807.88,5954.18,6103.38,6262.21,6462.89,6655.53,6845.96,7022.93,7186.29,7334.76,7463.46,7586.33,7699.78,7805.89,7891.77,7988.73,8078.53,8162.68,8253.55,8331.21,8414.25,8493.36,8576.96,8638.38,8705.34,8767.05,8823.51,8874.31,8924.37,8980.8,9024.43,9070.56,9121.81,9171.55,9226.54,9292.74,9380.44,9461.06,9544.93,9625.68,9708.47,9806.84,9902.18,9982.06,10062.18,10156.42,10259.45,10366.79,10484.09,10610.69,10759.63,10906.36,11047.31,11189.99,11327.74,11467.0,11606.58,11740.54,11880.31,12011.71,12140.82,12263.68,12397.23,12542.64,12709.23,12903.26,13087.47,13289.54,13506.02,13729.42,13979.41,14242.47,14517.04,14802.19,15105.75,15403.1,15710.77,16013.74,16316.27,16638.47,16961.01,17297.6,17635.89,17982.18,18342.85,18703.03,19085.42,19465.12,19853.96,20246.88,20650.89,21038.95,21417.58,21802.12,22179.71,22583.58,22980.36,23375.58,23763.21,24149.68,24545.12,24932.79,25324.99,25720.38,26117.69,26519.86,26925.51,27318.44,27733.33,28129.46,28530.63,28948.24,29340.71,29725.1,30089.45,30459.77,30805.79,31146.72,31506.51,31891.14,32276.73,32668.28,33052.88,33425.88,33794.56,34128.76,34466.67,34814.46,35155.02,35500.26,35839.15,36151.07,36452.42,36775.98,37108.06,37462.44,37832.91,38176.04,38510.11,38817.22,39143.27,39444.69,39764.26,40093.89,40413.56,40739.99,41091.72,41452.39,41822.43,42186.26,42537.29,42856.78,43172.82,43485.39,43740.92,43965.57,44150.21,44292.05,44405.98,44496.66,44563.13,44621.5,44658.94,44674.75,44690.36,44699.67,44705.82];
x2 = [21630,21900,22170,22440,22710,22980,23250,23520,23790,24060,24330,24600,24870,25140,25410,25680,25950,26220,26490,26760,27030,27300,27570,27840,28110,28380,28650,28920,29190,29460,29730,30000,30270,30540,30810,31080,31350,31620,31890,32160,32430,32700,32970,33240,33510,33780,34050,34320,34590,34860,35130,35400,35670,35940,36210,36480,36750,37020,37290,37560,37830,38100,38370,38640,38910,39180,39450,39720,39990,40260,40530,40800,41070,41340,41610,41880,42150,42420,42690,42960,43230,43500,43770,44040,44310,44580,44850,45120,45390,45660,45930,46200,46470,46740,47010,47280,47550,47820,48090,48360,48630,48900,49170,49440,49710,49980,50250,50520,50790,51060,51330,51600,51870,52140,52410,52680,52950,53220,53490,53760,54030,54300,54570,54840,55110,55380,55650,55920,56190,56460,56730,57000,57270,57540,57810,58080,58350,58620,58890,59160,59430,59700,59970,60240,60510,60780,61050,61320,61590,61860,62130,62400,62670,62940,63210,63480,63750,64020,64290,64560,64830,65100,65370,65640,65910,66180,66450,66720,66990,67260,67530,67800,68070,68340,68610,68880,69150,69420,69690,69960,70230,70500,70770,71040,71310,71580,71850,72120,72390,72660,72930,73200,73470,73740,74010,74280,74550,74820,75090,75360];
