x0 = [21630,21930,22230,22530,22830,23130,23430,23730,24030,24330,24630,24930,25230,25530,25830,26130,26430,26730,27030,27330,27630,27930,28230,28530,28830,29130,29430,29730,30030,30330,30630,30930,31230,31530,31830,32130,32430,32730,33030,33330,33630,33930,34230,34530,34830,35130,35430,35730,36030,36330,36630,36930,37230,37530,37830,38130,38430,38730,39030,39330,39630,39930,40230,40530,40830,41130,41430,41730,42030,42330,42630,42930,43230,43530,43830,44130,44430,44730,45030,45330,45630,45930,46230,46530,46830,47130,47430,47730,48030,48330,48630,48930,49230,49530,49830,50130,50430,50730,51030,51330,51630,51930,52230,52530,52830,53130,53430,53730,54030,54330,54630,54930,55230,55530,55830,56130,56430,56730,57030,57330,57630,57930,58230,58530,58830,59130,59430,59730,60030,60330,60630,60930,61230,61530,61830,62130,62430,62730,63030,63330,63630,63930,64230,64530,64830,65130,65430,65730,66030,66330,66630,66930,67230,67530,67830,68130,68430,68730,69030,69330,69630,69930,70230,70530,70830,71130,71430,71730,72030,72330,72630,72930,73230,73530,73830,74130,74430,74730,75030,75330,75630,75930,76230,76530,76830,77130,77430,77730,78030,78330,78630,78930,79230,79530,79830,80130,80430,80730,81030,81330,81630];
y0 = [-0.31,-79.93,-154.91,-89.79,-52.79,94.27,346.33,493.43,708.74,932.61,1120.02,1411.4,1510.27,1494.24,1466.96,1562.0,1630.66,1751.97,1859.72,2005.74,2015.93,2133.09,2257.55,2304.1,2354.66,2520.51,2589.32,2630.67,2689.58,2820.61,2861.84,2969.14,3102.92,3181.42,3229.5,3341.23,3546.06,3606.27,3732.64,3774.63,3827.53,3871.14,3946.46,3927.25,4057.39,4084.6,4129.52,4131.59,4208.05,4204.0,4226.05,4332.2,4372.98,4392.6,4412.99,4404.69,4449.43,4453.23,4456.26,4508.03,4535.27,4538.46,4640.42,4630.79,4622.8,4614.51,4729.64,4798.78,4850.09,4940.98,4998.99,4968.91,5165.13,5149.3,5140.94,5257.28,5291.99,5389.32,5385.27,5389.19,5399.28,5573.33,5583.66,5662.07,5711.29,5848.35,6005.38,6052.33,6162.8,6175.48,6174.32,6166.34,6273.14,6333.03,6411.3,6592.11,6607.71,6668.23,6860.58,6853.62,7040.26,7151.19,7555.67,7919.33,7899.53,8017.1,8185.14,8311.77,8403.27,8736.25,8726.35,9127.06,9457.44,9970.06,10300.19,10349.66,10560.38,10811.69,11019.11,11463.25,11579.97,12097.64,12273.33,12503.11,12650.2,12953.68,13460.06,13487.77,13838.6,14395.29,14731.17,15049.1,15152.51,15466.17,15645.47,15994.45,16094.11,16340.57,16532.15,16802.44,16911.78,17160.16,17487.55,17596.24,17843.58,18089.48,18155.98,18306.63,18478.19,18491.11,18783.36,18907.02,19067.77,19239.58,19339.7,19432.69,19700.76,19905.42,19961.83,20129.75,20459.92,20695.39,20751.08,20994.92,21182.33,21502.53,21704.8,21896.83,22030.07,22373.19,22732.54,22954.03,23203.26,23388.08,23438.0,23452.05,23434.42,23407.28,23417.68,23368.45,23337.12,23322.23,23329.42,23315.6,23348.5,23341.58,23326.12,23339.73,23324.34,23341.38,23349.89,23341.48,23358.04,23348.48,23339.58,23341.66,23338.76,23333.29,23328.68,23323.93,23342.92];
x1 = [21630,21900,22170,22440,22710,22980,23250,23520,23790,24060,24330,24600,24870,25140,25410,25680,25950,26220,26490,26760,27030,27300,27570,27840,28110,28380,28650,28920,29190,29460,29730,30000,30270,30540,30810,31080,31350,31620,31890,32160,32430,32700,32970,33240,33510,33780,34050,34320,34590,34860,35130,35400,35670,35940,36210,36480,36750,37020,37290,37560,37830,38100,38370,38640,38910,39180,39450,39720,39990,40260,40530,40800,41070,41340,41610,41880,42150,42420,42690,42960,43230,43500,43770,44040,44310,44580,44850,45120,45390,45660,45930,46200,46470,46740,47010,47280,47550,47820,48090,48360,48630,48900,49170,49440,49710,49980,50250,50520,50790,51060,51330,51600,51870,52140,52410,52680,52950,53220,53490,53760,54030,54300,54570,54840,55110,55380,55650,55920,56190,56460,56730,57000,57270,57540,57810,58080,58350,58620,58890,59160,59430,59700,59970,60240,60510,60780,61050,61320,61590,61860,62130,62400,62670,62940,63210,63480,63750,64020,64290,64560,64830,65100,65370,65640,65910,66180,66450,66720,66990,67260,67530,67800,68070,68340,68610,68880,69150,69420,69690,69960,70230,70500,70770,71040,71310,71580,71850,72120,72390,72660,72930,73200,73470,73740,74010,74280,74550,74820,75090,75360];
y1 = [-0.31,-43.84,-33.92,74.73,246.74,570.4,707.6,833.23,1022.57,1226.3,1423.57,1618.54,1831.55,1911.68,2052.44,2069.95,2179.15,2201.45,2336.3,2456.23,2480.76,2621.35,2736.48,2790.67,2968.74,3093.33,3159.83,3228.53,3364.34,3526.67,3586.24,3704.79,3808.78,3969.23,4073.55,4199.82,4343.13,4459.51,4600.9,4689.06,4821.8,4990.54,5122.55,5244.11,5293.61,5366.37,5450.73,5509.45,5547.14,5601.13,5656.71,5756.31,5788.79,5861.76,5868.35,5888.83,5999.02,6053.87,6092.17,6117.21,6134.24,6128.91,6170.82,6206.94,6232.96,6245.64,6268.92,6321.76,6323.38,6357.0,6409.39,6414.75,6424.81,6564.09,6566.56,6675.47,6681.72,6793.15,6795.79,6889.2,6936.33,7040.81,7044.37,7055.13,7131.06,7273.09,7323.44,7287.55,7313.68,7446.24,7495.54,7603.63,7692.48,7702.58,7804.99,7925.82,8155.11,8195.94,8246.62,8276.51,8284.58,8376.94,8396.21,8572.16,8707.04,8789.93,9027.99,9108.1,9242.87,9310.71,9441.62,9501.58,9786.39,10082.02,10387.12,10660.22,11137.82,11276.14,11459.66,11647.51,11900.07,11936.89,12212.43,12451.07,12995.16,13421.23,13737.05,14340.2,14731.01,14900.09,15186.95,15645.46,16060.82,16276.02,16690.92,17076.9,17348.71,17853.62,18154.9,18483.46,18901.14,19239.64,19505.4,20098.58,20732.49,21180.47,21367.77,21729.88,22021.78,22246.88,22648.81,22842.97,23201.35,23285.07,23685.11,24112.09,24317.65,24642.93,24821.9,25251.34,25419.21,25848.52,25983.37,26290.11,26525.45,26683.88,26834.91,27037.0,27188.09,27529.03,27807.18,28119.65,28317.41,28558.32,28946.75,29161.36,29415.67,29901.03,30271.4,30576.08,30727.72,31084.47,31279.6,31618.04,31870.42,32098.27,32296.78,32519.35,32847.68,33287.48,33414.68,33631.51,33990.53,34371.49,34438.6,34554.77,34570.85,34584.79,34632.13,34629.38];
x2 = [21630,21900,22170,22440,22710,22980,23250,23520,23790,24060,24330,24600,24870,25140,25410,25680,25950,26220,26490,26760,27030,27300,27570,27840,28110,28380,28650,28920,29190,29460,29730,30000,30270,30540,30810,31080,31350,31620,31890,32160,32430,32700,32970,33240,33510,33780,34050,34320,34590,34860,35130,35400,35670,35940,36210,36480,36750,37020,37290,37560,37830,38100,38370,38640,38910,39180,39450,39720,39990,40260,40530,40800,41070,41340,41610,41880,42150,42420,42690,42960,43230,43500,43770,44040,44310,44580,44850,45120,45390,45660,45930,46200,46470,46740,47010,47280,47550,47820,48090,48360,48630,48900,49170,49440,49710,49980,50250,50520,50790,51060,51330,51600,51870,52140,52410,52680,52950,53220,53490,53760,54030,54300,54570,54840,55110,55380,55650,55920,56190,56460,56730,57000,57270,57540,57810,58080,58350,58620,58890,59160,59430,59700,59970,60240,60510,60780,61050,61320,61590,61860,62130,62400,62670,62940,63210,63480,63750,64020,64290,64560,64830,65100,65370,65640,65910,66180,66450,66720,66990,67260,67530,67800,68070,68340,68610,68880,69150,69420,69690,69960,70230,70500,70770,71040,71310,71580,71850,72120,72390,72660,72930,73200,73470,73740,74010,74280,74550,74820,75090,75360,75630,75900,76170,76440];
