x0 = [21630,21900,22170,22440,22710,22980,23250,23520,23790,24060,24330,24600,24870,25140,25410,25680,25950,26220,26490,26760,27030,27300,27570,27840,28110,28380,28650,28920,29190,29460,29730,30000,30270,30540,30810,31080,31350,31620,31890,32160,32430,32700,32970,33240,33510,33780,34050,34320,34590,34860,35130,35400,35670,35940,36210,36480,36750,37020,37290,37560,37830,38100,38370,38640,38910,39180,39450,39720,39990,40260,40530,40800,41070,41340,41610,41880,42150,42420,42690,42960,43230,43500,43770,44040,44310,44580,44850,45120,45390,45660,45930,46200,46470,46740,47010,47280,47550,47820,48090,48360,48630,48900,49170,49440,49710,49980,50250,50520,50790,51060,51330,51600,51870,52140,52410,52680,52950,53220,53490,53760,54030,54300,54570,54840,55110,55380,55650,55920,56190,56460,56730,57000,57270,57540,57810,58080,58350,58620,58890,59160,59430,59700,59970,60240,60510,60780,61050,61320,61590,61860,62130,62400,62670,62940,63210,63480,63750,64020,64290,64560,64830,65100,65370,65640,65910,66180,66450,66720,66990,67260,67530,67800,68070,68340,68610,68880,69150,69420,69690,69960,70230,70500,70770,71040,71310,71580,71850,72120,72390,72660,72930,73200,73470,73740,74010,74280,74550,74820,75090,75360,75630,75900,76170,76440,76710,76980,77250,77520,77790,78060,78330,78600,78870,79140,79410];
y0 = [-0.31,-48.0,-103.42,-100.97,-28.22,98.99,214.64,344.74,529.48,831.29,875.91,1035.23,1187.25,1408.73,1464.01,1470.8,1477.31,1595.06,1716.45,1794.81,1936.51,1939.61,2034.48,2164.12,2259.59,2364.51,2468.45,2606.45,2630.52,2700.35,2770.92,2807.11,2890.89,2895.69,2985.5,3088.43,3205.49,3259.2,3316.05,3387.94,3462.81,3534.74,3613.15,3770.13,3811.42,3898.64,3946.28,4011.72,4003.78,4077.36,4087.68,4087.12,4199.91,4209.53,4219.92,4216.16,4238.19,4303.16,4299.21,4317.05,4445.36,4503.43,4499.29,4510.63,4540.93,4608.53,4645.47,4654.73,4651.91,4652.39,4706.38,4696.14,4771.46,4790.95,4776.75,4790.3,4817.32,4831.88,4947.6,4935.9,5016.55,5077.79,5116.06,5116.03,5084.04,5119.51,5102.38,5085.06,5145.32,5146.08,5168.16,5290.03,5314.44,5452.04,5517.48,5684.08,5788.67,5895.07,5969.9,6254.1,6381.14,6346.53,6304.23,6348.15,6525.67,6748.62,6836.03,6987.3,7051.0,7265.07,7486.1,7533.43,7631.31,7719.62,7857.44,8254.79,8423.16,8401.51,8609.94,9069.86,9195.06,9369.34,9439.56,9946.36,10406.77,10610.81,10764.77,10934.47,11135.54,11329.7,11501.95,11861.43,11839.27,12093.94,12419.71,12705.95,13162.71,13287.06,13796.19,13968.35,14325.71,14508.04,14912.09,15384.54,16005.65,16158.54,16418.9,16867.02,17137.96,17469.3,17743.04,17828.73,18131.31,18182.48,18360.67,18510.89,18681.03,19078.46,19391.84,19479.71,19695.53,19847.65,20118.19,20122.58,20155.63,20381.2,20599.02,20665.95,20812.76,21042.0,21201.19,21533.43,21570.75,21719.51,21919.37,21970.41,22269.7,22625.43,22787.43,22974.56,23167.24,23219.06,23254.61,23483.26,23602.24,23698.26,23931.1,24007.78,24193.52,24233.62,24425.21,24568.92,24750.52,24787.97,24758.49,24732.61,24726.47,24697.08,24735.93,24744.06,24763.22,24777.5,24792.34,24778.8,24763.3,24747.82,24743.97,24742.45,24750.25,24745.66,24741.68,24740.11,24737.25,24733.89,24738.66];
x1 = [21630,21900,22170,22440,22710,22980,23250,23520,23790,24060,24330,24600,24870,25140,25410,25680,25950,26220,26490,26760,27030,27300,27570,27840,28110,28380,28650,28920,29190,29460,29730,30000,30270,30540,30810,31080,31350,31620,31890,32160,32430,32700,32970,33240,33510,33780,34050,34320,34590,34860,35130,35400,35670,35940,36210,36480,36750,37020,37290,37560,37830,38100,38370,38640,38910,39180,39450,39720,39990,40260,40530,40800,41070,41340,41610,41880,42150,42420,42690,42960,43230,43500,43770,44040,44310,44580,44850,45120,45390,45660,45930,46200,46470,46740,47010,47280,47550,47820,48090,48360,48630,48900,49170,49440,49710,49980,50250,50520,50790,51060,51330,51600,51870,52140,52410,52680,52950,53220,53490,53760,54030,54300,54570,54840,55110,55380,55650,55920,56190,56460,56730,57000,57270,57540,57810,58080,58350,58620,58890,59160,59430,59700,59970,60240,60510,60780,61050,61320,61590,61860,62130,62400,62670,62940,63210,63480,63750,64020,64290,64560,64830,65100,65370,65640,65910,66180,66450,66720,66990,67260,67530,67800,68070,68340,68610,68880,69150,69420,69690,69960,70230,70500,70770,71040,71310,71580,71850,72120,72390,72660,72930,73200,73470,73740,74010,74280,74550,74820,75090,75360];
y1 = [-0.31,-45.06,-14.51,28.21,200.11,346.85,519.38,689.06,840.35,965.85,1097.23,1295.4,1585.55,1680.57,1737.98,1760.27,1851.52,1930.53,2113.62,2223.51,2274.84,2403.3,2509.51,2612.59,2778.29,2896.52,2982.72,3096.72,3149.07,3215.27,3311.4,3393.29,3460.31,3559.22,3615.49,3730.51,3836.46,4050.97,4090.14,4181.58,4322.85,4412.79,4486.84,4625.55,4684.53,4769.12,4832.68,4902.48,4932.84,4989.63,4997.78,5054.83,5176.84,5155.49,5169.1,5199.48,5232.1,5237.51,5267.52,5299.53,5344.3,5360.23,5474.72,5492.16,5513.4,5536.93,5575.36,5598.6,5633.95,5613.15,5655.82,5657.03,5745.31,5746.61,5758.44,5791.42,5791.29,5820.98,5848.67,6011.02,6124.21,6144.94,6189.71,6187.85,6200.13,6214.28,6215.26,6223.97,6313.92,6334.76,6420.39,6525.49,6609.7,6704.65,6843.45,6947.17,7212.67,7335.29,7561.42,7675.74,7756.29,7831.47,7929.34,7958.97,8166.56,8410.35,8507.96,8761.04,8938.76,9016.9,9112.88,9239.66,9603.51,9702.92,10036.38,10275.19,10570.11,10893.4,11205.94,11409.92,11756.24,12046.89,12485.71,12829.59,13382.48,13818.66,14062.8,14181.03,14758.21,15060.53,15421.14,15779.64,15973.88,16211.8,16633.62,16908.28,17581.48,18116.47,18581.57,19062.31,19399.3,19640.7,20247.82,20786.92,21555.26,21988.15,22361.34,22815.61,22931.96,23459.99,23913.53,24174.54,24724.89,24881.81,25409.57,25629.99,25960.3,26311.34,26798.58,27128.26,27321.91,27729.84,27951.32,28266.88,28516.7,28681.91,28978.83,29221.52,29562.52,29929.92,30173.87,30466.46,30991.21,31383.86,31447.95,31734.85,32032.51,32393.54,32636.1,32873.27,33111.98,33216.96,33669.55,33891.77,34143.66,34253.6,34484.23,34755.36,35015.06,35352.18,35492.74,35802.5,36050.75,36047.41,36071.77,36059.84,36059.77,36096.76,36095.97,36091.51];
x2 = [21630,21900,22170,22440,22710,22980,23250,23520,23790,24060,24330,24600,24870,25140,25410,25680,25950,26220,26490,26760,27030,27300,27570,27840,28110,28380,28650,28920,29190,29460,29730,30000,30270,30540,30810,31080,31350,31620,31890,32160,32430,32700,32970,33240,33510,33780,34050,34320,34590,34860,35130,35400,35670,35940,36210,36480,36750,37020,37290,37560,37830,38100,38370,38640,38910,39180,39450,39720,39990,40260,40530,40800,41070,41340,41610,41880,42150,42420,42690,42960,43230,43500,43770,44040,44310,44580,44850,45120,45390,45660,45930,46200,46470,46740,47010,47280,47550,47820,48090,48360,48630,48900,49170,49440,49710,49980,50250,50520,50790,51060,51330,51600,51870,52140,52410,52680,52950,53220,53490,53760,54030,54300,54570,54840,55110,55380,55650,55920,56190,56460,56730,57000,57270,57540,57810,58080,58350,58620,58890,59160,59430,59700,59970,60240,60510,60780,61050,61320,61590,61860,62130,62400,62670,62940,63210,63480,63750,64020,64290,64560,64830,65100,65370,65640,65910,66180,66450,66720,66990,67260,67530,67800,68070,68340,68610,68880,69150,69420,69690,69960,70230,70500,70770,71040,71310,71580,71850,72120,72390,72660,72930,73200,73470,73740,74010,74280,74550,74820,75090,75360];
