x0 = [21630,21900,22170,22440,22710,22980,23250,23520,23790,24060,24330,24600,24870,25140,25410,25680,25950,26220,26490,26760,27030,27300,27570,27840,28110,28380,28650,28920,29190,29460,29730,30000,30270,30540,30810,31080,31350,31620,31890,32160,32430,32700,32970,33240,33510,33780,34050,34320,34590,34860,35130,35400,35670,35940,36210,36480,36750,37020,37290,37560,37830,38100,38370,38640,38910,39180,39450,39720,39990,40260,40530,40800,41070,41340,41610,41880,42150,42420,42690,42960,43230,43500,43770,44040,44310,44580,44850,45120,45390,45660,45930,46200,46470,46740,47010,47280,47550,47820,48090,48360,48630,48900,49170,49440,49710,49980,50250,50520,50790,51060,51330,51600,51870,52140,52410,52680,52950,53220,53490,53760,54030,54300,54570,54840,55110,55380,55650,55920,56190,56460,56730,57000,57270,57540,57810,58080,58350,58620,58890,59160,59430,59700,59970,60240,60510,60780,61050,61320,61590,61860,62130,62400,62670,62940,63210,63480,63750,64020,64290,64560,64830,65100,65370,65640,65910,66180,66450,66720,66990,67260,67530,67800,68070,68340,68610,68880,69150,69420,69690,69960,70230,70500,70770,71040,71310,71580,71850,72120,72390,72660,72930,73200,73470,73740,74010,74280,74550,74820,75090,75360,75630,75900,76170,76440,76710,76980,77250,77520,77790,78060,78330,78600,78870,79140,79410];
y0 = [0.31,60.09,192.8,374.37,587.01,808.26,1025.32,1245.18,1438.63,1634.11,1833.63,2016.24,2155.02,2245.57,2329.65,2450.54,2575.0,2703.81,2827.6,2958.94,3092.18,3222.89,3358.91,3482.84,3602.87,3710.52,3816.73,3927.94,4035.12,4145.49,4267.7,4396.0,4512.75,4630.78,4755.77,4883.25,5010.86,5145.44,5282.33,5420.98,5580.9,5731.93,5867.56,5996.92,6117.99,6227.3,6326.16,6433.14,6531.88,6619.39,6693.79,6763.93,6835.44,6907.13,6971.07,7037.1,7097.18,7140.5,7187.56,7238.8,7292.74,7334.81,7373.41,7414.46,7456.39,7498.89,7538.33,7572.45,7602.18,7649.95,7693.18,7729.03,7782.46,7835.19,7899.18,7960.66,8018.62,8071.19,8122.53,8182.68,8235.93,8286.15,8330.31,8386.82,8464.69,8550.94,8643.88,8737.85,8836.2,8960.41,9102.01,9259.89,9423.13,9600.38,9769.55,9933.79,10092.39,10234.95,10376.51,10504.19,10647.31,10845.09,11046.31,11267.71,11504.23,11722.09,11955.42,12201.71,12480.9,12762.0,13055.02,13374.77,13740.28,14108.52,14480.7,14880.66,15302.62,15730.52,16159.66,16572.76,16972.06,17393.84,17802.53,18200.15,18598.74,18995.99,19403.17,19799.53,20188.76,20620.6,21039.55,21455.71,21919.93,22387.82,22862.63,23343.79,23821.57,24293.44,24763.63,25239.82,25720.61,26198.97,26656.59,27100.61,27540.02,27985.17,28421.23,28860.13,29277.59,29695.43,30109.35,30509.75,30910.59,31314.85,31710.82,32121.14,32519.6,32945.61,33363.21,33759.1,34160.81,34549.21,34920.78,35281.67,35636.9,36000.13,36367.95,36755.08,37161.99,37558.03,37965.05,38348.63,38733.65,39138.76,39514.73,39893.41,40264.24,40630.92,40997.09,41329.03,41671.72,42048.19,42444.22,42853.36,43265.57,43664.78,44061.84,44466.07,44795.71,45083.46,45321.42,45527.94,45698.26,45843.84,45965.54,46069.7,46159.03,46223.86,46280.56,46321.37,46358.94,46387.33,46412.85,46431.33,46446.82,46462.31,46476.91,46492.6,46507.74,46523.7,46532.88,46537.84,46540.71,46544.07,46547.32];
x1 = [21630,21900,22170,22440,22710,22980,23250,23520,23790,24060,24330,24600,24870,25140,25410,25680,25950,26220,26490,26760,27030,27300,27570,27840,28110,28380,28650,28920,29190,29460,29730,30000,30270,30540,30810,31080,31350,31620,31890,32160,32430,32700,32970,33240,33510,33780,34050,34320,34590,34860,35130,35400,35670,35940,36210,36480,36750,37020,37290,37560,37830,38100,38370,38640,38910,39180,39450,39720,39990,40260,40530,40800,41070,41340,41610,41880,42150,42420,42690,42960,43230,43500,43770,44040,44310,44580,44850,45120,45390,45660,45930,46200,46470,46740,47010,47280,47550,47820,48090,48360,48630,48900,49170,49440,49710,49980,50250,50520,50790,51060,51330,51600,51870,52140,52410,52680,52950,53220,53490,53760,54030,54300,54570,54840,55110,55380,55650,55920,56190,56460,56730,57000,57270,57540,57810,58080,58350,58620,58890,59160,59430,59700,59970,60240,60510,60780,61050,61320,61590,61860,62130,62400,62670,62940,63210,63480,63750,64020,64290,64560,64830,65100,65370,65640,65910,66180,66450,66720,66990,67260,67530,67800,68070,68340,68610,68880,69150,69420,69690,69960,70230,70500,70770,71040,71310,71580,71850,72120,72390,72660,72930,73200,73470,73740,74010,74280,74550,74820,75090,75360];
y1 = [0.31,52.32,154.79,299.02,461.97,629.4,797.45,973.45,1134.12,1310.83,1486.49,1642.75,1764.03,1857.84,1951.41,2086.79,2217.88,2352.11,2479.57,2613.06,2749.81,2895.48,3032.25,3150.24,3261.39,3364.01,3462.49,3558.35,3642.92,3738.79,3846.55,3953.93,4053.24,4155.79,4277.17,4389.41,4500.58,4614.52,4729.81,4844.36,4963.65,5087.01,5195.87,5299.12,5393.62,5469.8,5539.86,5598.5,5665.49,5725.36,5784.41,5836.96,5878.05,5920.63,5965.55,6014.12,6059.4,6098.11,6140.08,6193.99,6246.58,6297.95,6337.61,6378.31,6414.7,6450.73,6488.64,6518.33,6542.46,6591.95,6637.29,6674.57,6723.42,6767.93,6820.88,6875.88,6933.72,6982.51,7033.48,7082.73,7126.77,7162.75,7196.42,7235.89,7297.87,7367.22,7437.85,7519.81,7615.57,7724.34,7842.01,7980.26,8123.39,8270.78,8424.46,8550.6,8678.92,8798.9,8920.01,9046.02,9194.33,9369.63,9532.23,9717.87,9902.76,10084.32,10280.96,10467.46,10654.38,10877.67,11117.64,11367.27,11634.79,11898.27,12179.27,12496.64,12832.05,13154.82,13489.51,13803.27,14109.24,14419.26,14726.24,15005.56,15277.16,15564.33,15858.62,16149.78,16421.91,16708.67,17021.15,17334.11,17674.31,18035.66,18410.4,18781.98,19143.34,19515.57,19863.19,20221.24,20590.6,20940.71,21263.29,21593.16,21906.42,22220.24,22523.31,22812.77,23097.43,23387.9,23667.77,23938.35,24203.56,24474.26,24735.77,24989.54,25235.56,25499.56,25768.35,26025.18,26279.05,26517.28,26762.14,26997.55,27232.97,27473.59,27730.89,27996.18,28278.01,28565.37,28848.35,29110.78,29368.27,29636.65,29883.85,30147.23,30421.3,30678.24,30941.7,31190.64,31455.76,31725.43,32011.15,32279.91,32543.52,32801.5,33059.94,33310.25,33506.06,33660.01,33773.72,33841.78,33887.83,33919.2,33943.82,33962.59,33977.68,33986.42,33991.61,33996.07];
x2 = [21630,21900,22170,22440,22710,22980,23250,23520,23790,24060,24330,24600,24870,25140,25410,25680,25950,26220,26490,26760,27030,27300,27570,27840,28110,28380,28650,28920,29190,29460,29730,30000,30270,30540,30810,31080,31350,31620,31890,32160,32430,32700,32970,33240,33510,33780,34050,34320,34590,34860,35130,35400,35670,35940,36210,36480,36750,37020,37290,37560,37830,38100,38370,38640,38910,39180,39450,39720,39990,40260,40530,40800,41070,41340,41610,41880,42150,42420,42690,42960,43230,43500,43770,44040,44310,44580,44850,45120,45390,45660,45930,46200,46470,46740,47010,47280,47550,47820,48090,48360,48630,48900,49170,49440,49710,49980,50250,50520,50790,51060,51330,51600,51870,52140,52410,52680,52950,53220,53490,53760,54030,54300,54570,54840,55110,55380,55650,55920,56190,56460,56730,57000,57270,57540,57810,58080,58350,58620,58890,59160,59430,59700,59970,60240,60510,60780,61050,61320,61590,61860,62130,62400,62670,62940,63210,63480,63750,64020,64290,64560,64830,65100,65370,65640,65910,66180,66450,66720,66990,67260,67530,67800,68070,68340,68610,68880,69150,69420,69690,69960,70230,70500,70770,71040,71310,71580,71850,72120,72390,72660,72930,73200,73470,73740,74010,74280,74550,74820,75090,75360];
