x0 = [21630,21900,22170,22440,22710,22980,23250,23520,23790,24060,24330,24600,24870,25140,25410,25680,25950,26220,26490,26760,27030,27300,27570,27840,28110,28380,28650,28920,29190,29460,29730,30000,30270,30540,30810,31080,31350,31620,31890,32160,32430,32700,32970,33240,33510,33780,34050,34320,34590,34860,35130,35400,35670,35940,36210,36480,36750,37020,37290,37560,37830,38100,38370,38640,38910,39180,39450,39720,39990,40260,40530,40800,41070,41340,41610,41880,42150,42420,42690,42960,43230,43500,43770,44040,44310,44580,44850,45120,45390,45660,45930,46200,46470,46740,47010,47280,47550,47820,48090,48360,48630,48900,49170,49440,49710,49980,50250,50520,50790,51060,51330,51600,51870,52140,52410,52680,52950,53220,53490,53760,54030,54300,54570,54840,55110,55380,55650,55920,56190,56460,56730,57000,57270,57540,57810,58080,58350,58620,58890,59160,59430,59700,59970,60240,60510,60780,61050,61320,61590,61860,62130,62400,62670,62940,63210,63480,63750,64020,64290,64560,64830,65100,65370,65640,65910,66180,66450,66720,66990,67260,67530,67800,68070,68340,68610,68880,69150,69420,69690,69960,70230,70500,70770,71040,71310,71580,71850,72120,72390,72660,72930,73200,73470,73740,74010,74280,74550,74820,75090,75360,75630,75900,76170,76440,76710,76980,77250,77520,77790,78060,78330,78600,78870,79140,79410];
y0 = [0.39,75.11,241.0,467.96,733.76,1010.32,1281.64,1556.48,1798.29,2042.64,2292.03,2520.31,2693.77,2806.96,2912.07,3063.17,3218.75,3379.77,3534.5,3698.67,3865.23,4028.61,4198.64,4353.55,4503.59,4638.14,4770.92,4909.93,5043.9,5181.86,5334.63,5495.0,5640.93,5788.47,5944.72,6104.06,6263.57,6431.8,6602.91,6776.23,6976.13,7164.91,7334.45,7496.15,7647.49,7784.12,7907.7,8041.43,8164.85,8274.24,8367.23,8454.92,8544.31,8633.91,8713.84,8796.37,8871.48,8925.63,8984.45,9048.5,9115.92,9168.52,9216.76,9268.07,9320.48,9373.62,9422.91,9465.56,9502.73,9562.44,9616.48,9661.29,9728.08,9793.99,9873.97,9950.83,10023.28,10088.99,10153.17,10228.35,10294.91,10357.69,10412.89,10483.53,10580.87,10688.68,10804.85,10922.32,11045.25,11200.51,11377.52,11574.87,11778.91,12000.47,12211.94,12417.24,12615.48,12793.68,12970.64,13130.24,13309.14,13556.36,13807.88,14084.64,14380.29,14652.61,14944.28,15252.14,15601.13,15952.5,16318.77,16718.46,17175.35,17635.65,18100.88,18600.83,19128.28,19663.14,20199.58,20715.95,21215.07,21742.3,22253.16,22750.19,23248.42,23744.98,24253.96,24749.41,25235.95,25775.75,26299.44,26819.64,27399.91,27984.77,28578.28,29179.73,29776.96,30366.8,30954.54,31549.77,32150.76,32748.71,33320.74,33875.76,34425.03,34981.46,35526.53,36075.16,36596.99,37119.29,37636.69,38137.19,38638.24,39143.56,39638.53,40151.43,40649.5,41182.02,41704.01,42198.87,42701.01,43186.51,43650.97,44102.09,44546.12,45000.17,45459.93,45943.85,46452.49,46947.54,47456.31,47935.79,48417.07,48923.45,49393.42,49866.76,50330.3,50788.65,51246.36,51661.28,52089.65,52560.24,53055.27,53566.69,54081.96,54580.98,55077.3,55582.58,55994.64,56354.33,56651.78,56909.93,57122.83,57304.8,57456.92,57587.13,57698.78,57779.83,57850.71,57901.71,57948.68,57984.16,58016.06,58039.16,58058.53,58077.89,58096.14,58115.75,58134.68,58154.63,58166.1,58172.3,58175.88,58180.08,58184.15];
x1 = [21630,21900,22170,22440,22710,22980,23250,23520,23790,24060,24330,24600,24870,25140,25410,25680,25950,26220,26490,26760,27030,27300,27570,27840,28110,28380,28650,28920,29190,29460,29730,30000,30270,30540,30810,31080,31350,31620,31890,32160,32430,32700,32970,33240,33510,33780,34050,34320,34590,34860,35130,35400,35670,35940,36210,36480,36750,37020,37290,37560,37830,38100,38370,38640,38910,39180,39450,39720,39990,40260,40530,40800,41070,41340,41610,41880,42150,42420,42690,42960,43230,43500,43770,44040,44310,44580,44850,45120,45390,45660,45930,46200,46470,46740,47010,47280,47550,47820,48090,48360,48630,48900,49170,49440,49710,49980,50250,50520,50790,51060,51330,51600,51870,52140,52410,52680,52950,53220,53490,53760,54030,54300,54570,54840,55110,55380,55650,55920,56190,56460,56730,57000,57270,57540,57810,58080,58350,58620,58890,59160,59430,59700,59970,60240,60510,60780,61050,61320,61590,61860,62130,62400,62670,62940,63210,63480,63750,64020,64290,64560,64830,65100,65370,65640,65910,66180,66450,66720,66990,67260,67530,67800,68070,68340,68610,68880,69150,69420,69690,69960,70230,70500,70770,71040,71310,71580,71850,72120,72390,72660,72930,73200,73470,73740,74010,74280,74550,74820,75090,75360];
y1 = [0.39,65.4,193.49,373.77,577.46,786.75,996.81,1216.81,1417.66,1638.53,1858.11,2053.44,2205.04,2322.3,2439.27,2608.49,2772.35,2940.13,3099.46,3266.32,3437.27,3619.35,3790.31,3937.81,4076.73,4205.01,4328.11,4447.93,4553.64,4673.49,4808.19,4942.41,5066.54,5194.74,5346.46,5486.76,5625.72,5768.15,5912.26,6055.44,6204.56,6358.76,6494.83,6623.9,6742.03,6837.25,6924.82,6998.12,7081.86,7156.7,7230.51,7296.2,7347.56,7400.79,7456.94,7517.65,7574.25,7622.64,7675.1,7742.48,7808.22,7872.44,7922.01,7972.89,8018.37,8063.41,8110.8,8147.91,8178.07,8239.94,8296.61,8343.22,8404.27,8459.91,8526.1,8594.85,8667.15,8728.14,8791.85,8853.42,8908.46,8953.43,8995.53,9044.86,9122.34,9209.02,9297.31,9399.77,9519.47,9655.42,9802.51,9975.33,10154.24,10338.47,10530.57,10688.25,10848.65,10998.63,11150.02,11307.53,11492.91,11712.03,11915.29,12147.34,12378.44,12605.4,12851.19,13084.32,13317.98,13597.09,13897.05,14209.09,14543.48,14872.83,15224.09,15620.8,16040.06,16443.52,16861.89,17254.09,17636.55,18024.08,18407.8,18756.95,19096.45,19455.41,19823.28,20187.22,20527.39,20885.84,21276.44,21667.64,22092.89,22544.57,23013.0,23477.48,23929.17,24394.46,24828.99,25276.55,25738.25,26175.89,26579.11,26991.45,27383.02,27775.3,28154.14,28515.97,28871.79,29234.87,29584.71,29922.93,30254.45,30592.83,30919.72,31236.92,31544.44,31874.44,32210.44,32531.48,32848.81,33146.59,33452.67,33746.93,34041.21,34341.98,34663.62,34995.23,35347.51,35706.71,36060.44,36388.47,36710.34,37045.81,37354.81,37684.04,38026.62,38347.8,38677.13,38988.3,39319.7,39656.79,40013.93,40349.88,40679.4,41001.88,41324.92,41637.82,41882.58,42075.02,42217.15,42302.23,42359.79,42399.0,42429.77,42453.24,42472.1,42483.03,42489.51,42495.09];
x2 = [21630,21900,22170,22440,22710,22980,23250,23520,23790,24060,24330,24600,24870,25140,25410,25680,25950,26220,26490,26760,27030,27300,27570,27840,28110,28380,28650,28920,29190,29460,29730,30000,30270,30540,30810,31080,31350,31620,31890,32160,32430,32700,32970,33240,33510,33780,34050,34320,34590,34860,35130,35400,35670,35940,36210,36480,36750,37020,37290,37560,37830,38100,38370,38640,38910,39180,39450,39720,39990,40260,40530,40800,41070,41340,41610,41880,42150,42420,42690,42960,43230,43500,43770,44040,44310,44580,44850,45120,45390,45660,45930,46200,46470,46740,47010,47280,47550,47820,48090,48360,48630,48900,49170,49440,49710,49980,50250,50520,50790,51060,51330,51600,51870,52140,52410,52680,52950,53220,53490,53760,54030,54300,54570,54840,55110,55380,55650,55920,56190,56460,56730,57000,57270,57540,57810,58080,58350,58620,58890,59160,59430,59700,59970,60240,60510,60780,61050,61320,61590,61860,62130,62400,62670,62940,63210,63480,63750,64020,64290,64560,64830,65100,65370,65640,65910,66180,66450,66720,66990,67260,67530,67800,68070,68340,68610,68880,69150,69420,69690,69960,70230,70500,70770,71040,71310,71580,71850,72120,72390,72660,72930,73200,73470,73740,74010,74280,74550,74820,75090,75360];
