x0 = [21630,21930,22230,22530,22830,23130,23430,23730,24030,24330,24630,24930,25230,25530,25830,26130,26430,26730,27030,27330,27630,27930,28230,28530,28830,29130,29430,29730,30030,30330,30630,30930,31230,31530,31830,32130,32430,32730,33030,33330,33630,33930,34230,34530,34830,35130,35430,35730,36030,36330,36630,36930,37230,37530,37830,38130,38430,38730,39030,39330,39630,39930,40230,40530,40830,41130,41430,41730,42030,42330,42630,42930,43230,43530,43830,44130,44430,44730,45030,45330,45630,45930,46230,46530,46830,47130,47430,47730,48030,48330,48630,48930,49230,49530,49830,50130,50430,50730,51030,51330,51630,51930,52230,52530,52830,53130,53430,53730,54030,54330,54630,54930,55230,55530,55830,56130,56430,56730,57030,57330,57630,57930,58230,58530,58830,59130,59430,59730,60030,60330,60630,60930,61230,61530,61830,62130,62430,62730,63030,63330,63630,63930,64230,64530,64830,65130,65430,65730,66030,66330,66630,66930,67230,67530,67830,68130,68430,68730,69030,69330,69630,69930,70230,70530,70830,71130,71430,71730,72030,72330,72630,72930,73230,73530,73830,74130,74430,74730,75030,75330,75630,75930,76230,76530,76830,77130,77430,77730,78030,78330,78630,78930,79230,79530,79830,80130,80430,80730,81030,81330,81630];
y0 = [0.31,104.19,327.12,612.09,889.23,1151.89,1439.51,1709.58,1962.47,2196.75,2390.46,2535.17,2619.5,2734.87,2869.31,3001.88,3136.35,3270.83,3400.18,3537.16,3678.82,3812.33,3963.56,4107.1,4258.01,4408.3,4557.34,4701.9,4849.69,5011.77,5161.7,5315.42,5498.01,5697.81,5889.15,6092.61,6286.67,6462.83,6624.86,6789.97,6932.59,7079.44,7219.86,7358.15,7476.9,7583.98,7692.11,7790.26,7879.45,7972.91,8063.89,8137.23,8205.79,8266.04,8316.53,8375.55,8431.9,8494.42,8545.74,8589.48,8642.36,8693.8,8757.0,8822.89,8917.95,9033.22,9137.0,9222.71,9310.36,9391.73,9462.62,9556.56,9638.95,9721.95,9793.73,9871.7,9960.94,10048.51,10137.67,10233.82,10350.09,10478.71,10597.58,10733.2,10856.89,10979.75,11102.67,11212.38,11329.77,11464.35,11602.71,11761.47,11922.26,12100.67,12266.92,12466.94,12655.46,12855.62,13111.79,13360.62,13623.01,13907.0,14192.74,14486.48,14787.15,15166.42,15532.72,15898.25,16314.54,16749.88,17195.58,17627.82,18071.42,18495.76,18951.78,19422.85,19902.27,20370.6,20825.0,21270.97,21732.37,22191.99,22644.26,23116.57,23576.76,24016.35,24446.33,24891.7,25341.25,25775.86,26195.63,26610.4,27033.36,27433.67,27817.51,28209.68,28603.31,29003.26,29424.61,29825.33,30205.06,30603.15,30982.46,31351.94,31690.08,32040.49,32392.43,32740.12,33117.57,33528.99,33937.9,34353.35,34764.95,35187.44,35601.76,36008.05,36432.18,36897.84,37354.48,37813.84,38285.51,38738.3,39197.17,39629.69,40057.79,40511.61,40973.99,41408.35,41820.23,42213.06,42565.82,42879.05,43135.0,43366.93,43563.77,43732.1,43860.59,43969.05,44057.39,44145.27,44221.22,44292.05,44359.19,44419.74,44480.5,44536.34,44583.62,44618.99,44648.59,44671.79,44693.64,44702.06,44710.24,44719.8,44728.71,44734.58,44737.48,44742.96,44747.56,44752.31,44755.05];
x1 = [21630,21900,22170,22440,22710,22980,23250,23520,23790,24060,24330,24600,24870,25140,25410,25680,25950,26220,26490,26760,27030,27300,27570,27840,28110,28380,28650,28920,29190,29460,29730,30000,30270,30540,30810,31080,31350,31620,31890,32160,32430,32700,32970,33240,33510,33780,34050,34320,34590,34860,35130,35400,35670,35940,36210,36480,36750,37020,37290,37560,37830,38100,38370,38640,38910,39180,39450,39720,39990,40260,40530,40800,41070,41340,41610,41880,42150,42420,42690,42960,43230,43500,43770,44040,44310,44580,44850,45120,45390,45660,45930,46200,46470,46740,47010,47280,47550,47820,48090,48360,48630,48900,49170,49440,49710,49980,50250,50520,50790,51060,51330,51600,51870,52140,52410,52680,52950,53220,53490,53760,54030,54300,54570,54840,55110,55380,55650,55920,56190,56460,56730,57000,57270,57540,57810,58080,58350,58620,58890,59160,59430,59700,59970,60240,60510,60780,61050,61320,61590,61860,62130,62400,62670,62940,63210,63480,63750,64020,64290,64560,64830,65100,65370,65640,65910,66180,66450,66720,66990,67260,67530,67800,68070,68340,68610,68880,69150,69420,69690,69960,70230,70500,70770,71040,71310,71580,71850,72120,72390,72660,72930,73200,73470,73740,74010,74280,74550,74820,75090,75360];
y1 = [0.31,74.91,234.92,435.36,632.97,827.75,1007.05,1205.59,1378.36,1531.55,1680.83,1814.45,1908.47,1990.25,2070.17,2152.09,2259.51,2386.55,2505.31,2620.04,2731.12,2824.76,2920.21,3030.96,3152.27,3264.54,3373.87,3498.97,3616.81,3720.13,3827.56,3943.74,4081.39,4198.74,4308.94,4442.72,4577.47,4701.33,4827.35,4984.52,5149.41,5291.98,5421.7,5521.3,5607.22,5678.44,5742.53,5811.03,5877.96,5942.13,6006.5,6061.1,6117.27,6172.35,6225.63,6285.16,6335.2,6384.32,6425.87,6451.09,6473.45,6505.79,6539.26,6584.2,6623.05,6656.5,6694.92,6733.27,6774.98,6820.74,6876.51,6956.95,7047.54,7122.21,7197.5,7257.02,7316.91,7370.82,7436.54,7507.85,7570.45,7632.14,7690.42,7749.87,7813.41,7884.31,7950.37,8037.81,8112.65,8196.42,8291.06,8379.53,8487.21,8584.87,8679.38,8777.17,8883.55,8974.81,9078.46,9187.5,9306.18,9430.77,9565.15,9714.03,9851.99,9999.42,10143.28,10286.12,10470.38,10689.16,10884.96,11101.81,11320.92,11544.07,11767.5,11994.54,12219.62,12470.46,12724.32,12983.75,13276.02,13580.7,13889.15,14204.21,14497.5,14769.91,15056.61,15345.18,15654.79,15960.5,16248.36,16536.05,16796.17,17078.26,17358.54,17646.02,17932.19,18216.59,18494.58,18775.03,19047.9,19310.41,19566.75,19814.55,20057.2,20297.38,20547.91,20790.92,21027.18,21260.36,21493.7,21730.77,21957.63,22194.17,22434.15,22673.47,22917.38,23158.12,23390.13,23602.99,23815.16,24021.5,24216.51,24414.09,24627.0,24843.1,25090.91,25330.36,25568.76,25810.86,26049.96,26308.67,26556.68,26825.95,27111.12,27412.73,27711.15,28006.58,28301.15,28582.26,28864.34,29130.73,29400.93,29688.19,29969.49,30268.16,30577.92,30868.25,31121.75,31335.83,31498.17,31622.78,31725.83,31789.41,31823.41,31842.9,31851.93,31861.12,31867.79,31870.54];
x2 = [21630,21900,22170,22440,22710,22980,23250,23520,23790,24060,24330,24600,24870,25140,25410,25680,25950,26220,26490,26760,27030,27300,27570,27840,28110,28380,28650,28920,29190,29460,29730,30000,30270,30540,30810,31080,31350,31620,31890,32160,32430,32700,32970,33240,33510,33780,34050,34320,34590,34860,35130,35400,35670,35940,36210,36480,36750,37020,37290,37560,37830,38100,38370,38640,38910,39180,39450,39720,39990,40260,40530,40800,41070,41340,41610,41880,42150,42420,42690,42960,43230,43500,43770,44040,44310,44580,44850,45120,45390,45660,45930,46200,46470,46740,47010,47280,47550,47820,48090,48360,48630,48900,49170,49440,49710,49980,50250,50520,50790,51060,51330,51600,51870,52140,52410,52680,52950,53220,53490,53760,54030,54300,54570,54840,55110,55380,55650,55920,56190,56460,56730,57000,57270,57540,57810,58080,58350,58620,58890,59160,59430,59700,59970,60240,60510,60780,61050,61320,61590,61860,62130,62400,62670,62940,63210,63480,63750,64020,64290,64560,64830,65100,65370,65640,65910,66180,66450,66720,66990,67260,67530,67800,68070,68340,68610,68880,69150,69420,69690,69960,70230,70500,70770,71040,71310,71580,71850,72120,72390,72660,72930,73200,73470,73740,74010,74280,74550,74820,75090,75360,75630,75900,76170,76440];
