x0 = [21630,21930,22230,22530,22830,23130,23430,23730,24030,24330,24630,24930,25230,25530,25830,26130,26430,26730,27030,27330,27630,27930,28230,28530,28830,29130,29430,29730,30030,30330,30630,30930,31230,31530,31830,32130,32430,32730,33030,33330,33630,33930,34230,34530,34830,35130,35430,35730,36030,36330,36630,36930,37230,37530,37830,38130,38430,38730,39030,39330,39630,39930,40230,40530,40830,41130,41430,41730,42030,42330,42630,42930,43230,43530,43830,44130,44430,44730,45030,45330,45630,45930,46230,46530,46830,47130,47430,47730,48030,48330,48630,48930,49230,49530,49830,50130,50430,50730,51030,51330,51630,51930,52230,52530,52830,53130,53430,53730,54030,54330,54630,54930,55230,55530,55830,56130,56430,56730,57030,57330,57630,57930,58230,58530,58830,59130,59430,59730,60030,60330,60630,60930,61230,61530,61830,62130,62430,62730,63030,63330,63630,63930,64230,64530,64830,65130,65430,65730,66030,66330,66630,66930,67230,67530,67830,68130,68430,68730,69030,69330,69630,69930,70230,70530,70830,71130,71430,71730,72030,72330,72630,72930,73230,73530,73830,74130,74430,74730,75030,75330,75630,75930,76230,76530,76830,77130,77430,77730,78030,78330,78630,78930,79230,79530,79830,80130,80430,80730,81030,81330,81630];
y0 = [0.39,130.24,408.91,765.11,1111.54,1439.87,1799.39,2136.97,2453.09,2745.94,2988.08,3168.97,3274.38,3418.59,3586.64,3752.35,3920.44,4088.54,4250.23,4421.45,4598.52,4765.42,4954.45,5133.87,5322.51,5510.37,5696.68,5877.37,6062.11,6264.72,6452.13,6644.27,6872.51,7122.26,7361.44,7615.76,7858.34,8078.53,8281.07,8487.47,8665.74,8849.3,9024.82,9197.69,9346.13,9479.97,9615.14,9737.83,9849.32,9966.14,10079.86,10171.54,10257.23,10332.55,10395.66,10469.43,10539.87,10618.03,10682.17,10736.85,10802.96,10867.25,10946.25,11028.61,11147.43,11291.53,11421.25,11528.38,11637.94,11739.67,11828.27,11945.7,12048.69,12152.44,12242.16,12339.63,12451.18,12560.64,12672.08,12792.27,12937.61,13098.39,13246.97,13416.49,13571.12,13724.69,13878.34,14015.48,14162.21,14330.44,14503.39,14701.84,14902.83,15125.84,15333.65,15583.67,15819.33,16069.52,16389.74,16700.78,17028.77,17383.75,17740.93,18108.09,18483.93,18958.03,19415.91,19872.82,20393.18,20937.35,21494.47,22034.78,22589.28,23119.7,23689.73,24278.57,24877.83,25463.25,26031.25,26588.71,27165.46,27739.99,28305.33,28895.71,29470.95,30020.44,30557.91,31114.62,31676.56,32219.82,32744.53,33263.0,33791.7,34292.08,34771.88,35262.1,35754.13,36254.07,36780.76,37281.66,37756.32,38253.94,38728.08,39189.92,39612.6,40050.62,40490.54,40925.15,41396.96,41911.23,42422.38,42941.68,43456.19,43984.29,44502.19,45010.06,45540.23,46122.31,46693.09,47267.3,47856.89,48422.88,48996.46,49537.11,50072.24,50639.51,51217.49,51760.44,52275.29,52766.33,53207.28,53598.81,53918.75,54208.66,54454.71,54665.12,54825.73,54961.31,55071.74,55181.58,55276.52,55365.07,55448.99,55524.67,55600.62,55670.43,55729.53,55773.74,55810.74,55839.73,55867.05,55877.57,55887.8,55899.75,55910.89,55918.23,55921.85,55928.7,55934.46,55940.39,55943.81];
x1 = [21630,21900,22170,22440,22710,22980,23250,23520,23790,24060,24330,24600,24870,25140,25410,25680,25950,26220,26490,26760,27030,27300,27570,27840,28110,28380,28650,28920,29190,29460,29730,30000,30270,30540,30810,31080,31350,31620,31890,32160,32430,32700,32970,33240,33510,33780,34050,34320,34590,34860,35130,35400,35670,35940,36210,36480,36750,37020,37290,37560,37830,38100,38370,38640,38910,39180,39450,39720,39990,40260,40530,40800,41070,41340,41610,41880,42150,42420,42690,42960,43230,43500,43770,44040,44310,44580,44850,45120,45390,45660,45930,46200,46470,46740,47010,47280,47550,47820,48090,48360,48630,48900,49170,49440,49710,49980,50250,50520,50790,51060,51330,51600,51870,52140,52410,52680,52950,53220,53490,53760,54030,54300,54570,54840,55110,55380,55650,55920,56190,56460,56730,57000,57270,57540,57810,58080,58350,58620,58890,59160,59430,59700,59970,60240,60510,60780,61050,61320,61590,61860,62130,62400,62670,62940,63210,63480,63750,64020,64290,64560,64830,65100,65370,65640,65910,66180,66450,66720,66990,67260,67530,67800,68070,68340,68610,68880,69150,69420,69690,69960,70230,70500,70770,71040,71310,71580,71850,72120,72390,72660,72930,73200,73470,73740,74010,74280,74550,74820,75090,75360];
y1 = [0.39,93.64,293.64,544.2,791.21,1034.69,1258.82,1506.99,1722.94,1914.44,2101.04,2268.06,2385.59,2487.81,2587.71,2690.11,2824.39,2983.19,3131.64,3275.05,3413.9,3530.95,3650.27,3788.71,3940.34,4080.67,4217.34,4373.71,4521.02,4650.16,4784.45,4929.67,5101.74,5248.42,5386.18,5553.4,5721.84,5876.66,6034.19,6230.65,6436.77,6614.97,6777.13,6901.62,7009.03,7098.05,7178.16,7263.79,7347.45,7427.66,7508.13,7576.37,7646.59,7715.43,7782.04,7856.45,7919.0,7980.4,8032.34,8063.87,8091.81,8132.23,8174.07,8230.25,8278.82,8320.63,8368.65,8416.58,8468.72,8525.93,8595.64,8696.19,8809.42,8902.77,8996.87,9071.27,9146.13,9213.53,9295.67,9384.81,9463.07,9540.17,9613.03,9687.34,9766.76,9855.38,9937.96,10047.26,10140.82,10245.53,10363.83,10474.42,10609.01,10731.08,10849.22,10971.46,11104.44,11218.52,11348.07,11484.37,11632.73,11788.46,11956.44,12142.54,12314.98,12499.28,12679.1,12857.65,13087.97,13361.45,13606.21,13877.26,14151.15,14430.09,14709.37,14993.17,15274.52,15588.07,15905.4,16229.69,16595.02,16975.87,17361.44,17755.26,18121.88,18462.39,18820.76,19181.48,19568.48,19950.63,20310.46,20670.06,20995.21,21347.82,21698.18,22057.53,22415.23,22770.74,23118.23,23468.79,23809.87,24138.02,24458.43,24768.18,25071.5,25371.72,25684.89,25988.65,26283.97,26575.44,26867.12,27163.47,27447.03,27742.71,28042.68,28341.84,28646.73,28947.65,29237.66,29503.74,29768.95,30026.87,30270.64,30517.62,30783.74,31053.87,31363.64,31662.96,31960.96,32263.58,32562.45,32885.83,33195.85,33532.44,33888.91,34265.92,34638.94,35008.22,35376.43,35727.83,36080.43,36413.42,36751.16,37110.24,37461.86,37835.19,38222.4,38585.31,38902.19,39169.79,39372.71,39528.48,39657.29,39736.77,39779.26,39803.63,39814.91,39826.4,39834.74,39838.17];
x2 = [21630,21900,22170,22440,22710,22980,23250,23520,23790,24060,24330,24600,24870,25140,25410,25680,25950,26220,26490,26760,27030,27300,27570,27840,28110,28380,28650,28920,29190,29460,29730,30000,30270,30540,30810,31080,31350,31620,31890,32160,32430,32700,32970,33240,33510,33780,34050,34320,34590,34860,35130,35400,35670,35940,36210,36480,36750,37020,37290,37560,37830,38100,38370,38640,38910,39180,39450,39720,39990,40260,40530,40800,41070,41340,41610,41880,42150,42420,42690,42960,43230,43500,43770,44040,44310,44580,44850,45120,45390,45660,45930,46200,46470,46740,47010,47280,47550,47820,48090,48360,48630,48900,49170,49440,49710,49980,50250,50520,50790,51060,51330,51600,51870,52140,52410,52680,52950,53220,53490,53760,54030,54300,54570,54840,55110,55380,55650,55920,56190,56460,56730,57000,57270,57540,57810,58080,58350,58620,58890,59160,59430,59700,59970,60240,60510,60780,61050,61320,61590,61860,62130,62400,62670,62940,63210,63480,63750,64020,64290,64560,64830,65100,65370,65640,65910,66180,66450,66720,66990,67260,67530,67800,68070,68340,68610,68880,69150,69420,69690,69960,70230,70500,70770,71040,71310,71580,71850,72120,72390,72660,72930,73200,73470,73740,74010,74280,74550,74820,75090,75360,75630,75900,76170,76440];
